<?xml version="1.0"?>
<opencv_storage>
<mx type_id="opencv-matrix">
  <rows>4</rows>
  <cols>4</cols>
  <dt>d</dt>
  <data>
    9.9991450966697604e-01 -7.7910197205030614e-03
    -1.0501112758447060e-02 -5.5734851690413940e+01
    7.3912902488742858e-03 9.9926624117490803e-01
    -3.7581219733096374e-02 8.2610906300591602e-01
    1.0786203498348393e-02 3.7500390129772104e-02 9.9923839925925939e-01
    8.7146436797028537e-01 0. 0. 0. 1.</data></mx>
</opencv_storage>
