<?xml version="1.0"?>
<opencv_storage>
<mx type_id="opencv-matrix">
  <rows>3</rows>
  <cols>3</cols>
  <dt>d</dt>
  <data>
    1.7938789876018132e+03 0. 9.3770158698410637e+02 0.
    1.7961313114574778e+03 5.3047600627643590e+02 0. 0. 1.</data></mx>
</opencv_storage>
